9
20030303.jpg
27
515 731 516 684 0
613 735 613 687 0
792 701 793 651 0
958 698 960 654 0
1116 701 1117 652 0
1200 702 1200 653 0
1284 701 1283 650 0
1484 366 1446 324 1
1737 241 1728 182 1
2270 231 2272 171 2
2352 232 2353 174 2
2434 230 2434 166 3
2649 324 2688 284 2
2198 482 2198 422 1
2385 482 2386 421 1
2313 735 2315 671 1
2412 695 2414 635 1
2556 719 2555 660 1
2677 717 2677 661 1
2749 720 2750 663 1
3374 729 3373 772 4
3435 726 3436 769 4
3497 731 3497 772 4
3683 726 3684 767 4
3746 726 3746 767 4
3807 726 3808 767 4
3143 1979 3193 1971 9
20051102.jpg
22
614 729 613 686 0
1116 699 1117 655 0
1200 700 1202 654 0
1285 699 1284 659 0
1404 483 1361 458 1
1738 236 1730 183 1
1742 354 1752 405 1
2435 229 2436 169 3
2649 324 2688 282 2
2198 481 2199 425 1
2294 477 2291 422 1
2315 728 2316 673 1
2414 688 2413 634 1
2555 716 2556 665 1
2677 715 2678 662 1
3498 725 3497 767 4
3560 725 3559 771 4
3622 732 3623 772 4
2853 2021 2921 2010 8
2759 2361 2752 2310 1
2840 2352 2834 2300 1
3063 2321 3058 2271 1
20070622.jpg
17
1116 701 1116 659 0
1405 483 1358 459 1
1487 368 1449 329 1
1454 891 1504 889 1
2354 232 2356 169 3
2649 324 2686 284 2
2770 436 2798 406 4
2292 508 2293 455 1
2554 721 2554 667 1
2678 716 2677 661 1
3498 730 3497 770 4
3560 727 3560 768 4
3622 729 3621 769 4
3684 729 3684 769 4
2282 1969 2316 1872 7
2848 2354 2838 2302 1
2934 2337 2925 2283 1
20090419.jpg
26
796 701 795 661 0
879 699 878 660 0
1121 699 1119 660 0
1204 699 1204 659 0
1403 485 1357 457 1
1487 369 1452 330 1 
1606 284 1581 233 1
1744 240 1733 187 1
1503 539 1550 563 1
1743 356 1752 405 1
2437 229 2437 169 3
2651 323 2691 283 2
2713 379 2750 337 2
2773 435 2812 397 2
2200 504 2202 449 1
2295 504 2293 450 1
2388 481 2388 424 1
2218 729 2219 674 1
2318 729 2318 674 1
2681 716 2681 662 1
2753 716 2754 662 1
3435 735 3437 774 4
3500 729 3500 769 4
2851 2016 2925 2006 8
2849 2357 2840 2302 1
2961 2340 2951 2284 1
20121120.jpg
25
876 699 877 657 0
961 696 961 659 0
1118 690 1119 651 0
1202 654 1200 694 0
1484 367 1450 327 1
1738 239 1729 185 1
1740 352 1752 404 1
2512 271 2467 300 1
2560 290 2565 330 0
2647 323 2686 282 2
2711 375 2748 335 2
2198 477 2199 422 1
2291 478 2291 436 0
2216 728 2218 672 1
2412 692 2413 652 4
2463 643 2462 687 0
3455 582 3453 625 4
3504 585 3502 627 4
3600 583 3599 624 4
3436 777 3436 736 4
3500 725 3498 766 4
3560 725 3559 766 4
2565 2053 2589 1986 6
3077 1988 3010 1999 6
3225 1965 3158 1974 6
20130308.jpg
31
614 729 613 686 0
792 701 792 659 0
876 702 874 659 0
961 700 960 660 0
1201 702 1201 660 0
1284 701 1289 660 0
1485 368 1449 325 1
1739 239 1730 184 1
1504 538 1551 561 1
1747 355 1748 409 1
1767 681 1816 680 3
2271 231 2270 168 3
2353 231 2351 168 2
2649 323 2687 281 2
2772 437 2807 396 2
2292 510 2292 455 1
2386 479 2386 426 1
2217 725 2217 670 1
2314 729 2317 674 1
2414 695 2414 638 1
2462 654 2462 696 0
2677 746 2678 691 1
2750 746 2749 690 1
3453 583 3453 626 4
3502 582 3501 626 4
3551 584 3551 627 4
3435 778 3435 736 4
3498 726 3497 769 4
3560 724 3560 767 4
3622 725 3622 769 4
3683 726 3683 769 4
20140131.jpg
31
960 653 960 694 0
1200 703 1202 664 0
1284 703 1284 663 0
1406 487 1362 462 1
1483 368 1449 330 1
1600 285 1579 242 1
2709 383 2743 337 2
2290 482 2294 424 1
2385 479 2387 423 1
2216 729 2216 674 1
2312 729 2313 674 1
2412 694 2414 641 1
2463 650 2462 694 0
2678 719 2680 665 1
2748 746 2750 689 1
3446 579 3442 634 5
3506 578 3503 634 5
3565 579 3564 634 5
3685 576 3683 632 5
3746 576 3744 634 5
3395 722 3393 769 4
3454 774 3455 734 4
3515 722 3514 768 4
3636 725 3634 768 4
3756 725 3754 768 4
3815 723 3814 768 4
3936 723 3935 768 4
2563 2064 2591 1971 7
3224 1966 3156 1982 6
2061 1134 2008 1134 1
512 1900 513 1975 8
20141120.jpg
22
872 697 872 657 0
958 654 956 690 0
1195 696 1194 656 0
1596 281 1573 234 1
1731 242 1724 187 1
2430 229 2431 167 2
2766 433 2803 392 2
2311 726 2311 672 1
2409 690 2411 637 1
2462 649 2458 690 4
2552 664 2551 713 1
3506 576 3505 629 5
3623 574 3621 626 5
3514 721 3512 762 4
3574 721 3571 762 4
3697 724 3693 766 4
3758 733 3755 773 4
3818 726 3814 765 4
2412 1999 2430 1931 6
2759 2362 2751 2309 1
2843 2351 2833 2296 1
2909 2340 2901 2289 1
20150104.jpg
37
515 726 517 686 0
612 728 612 686 0
792 654 788 696 0
958 699 960 660 0
1115 649 1114 689 0
1200 699 1198 659 0
1283 700 1284 660 0
1404 483 1359 456 1
1483 367 1449 328 1
1735 240 1727 187 1
1508 541 1555 565 1
1742 356 1750 405 1
2269 229 2269 170 3
2350 229 2356 168 3
2432 231 2433 170 2
2650 321 2687 281 2
2709 378 2747 337 2
2769 434 2806 395 2
2196 480 2198 422 1
2290 506 2292 451 1
2384 478 2385 423 1
2216 728 2216 674 1
2314 728 2313 674 1
2675 716 2678 661 1
2749 715 2749 662 1
2999 405 3054 403 1
3444 575 3443 629 5
3504 572 3503 630 5
3684 576 3684 631 5
3744 574 3742 632 5
3342 722 3340 767 4
3394 779 3393 736 4
3454 721 3453 765 4
3576 721 3574 765 4
3634 723 3635 765 4
3753 720 3752 764 4
3874 722 3872 765 4