13
20040813.jpg
7
3464 931 3433 906 0
3191 1179 3192 1217 0
3126 1180 3127 1216 0
2774 1218 2774 1182 0
1924 1298 1961 1303 0
1914 1361 1952 1369 0
1886 1555 1924 1560 0
20050126.jpg
11
3260 1178 3258 1221 0
3195 1179 3192 1221 0
3064 1226 3063 1184 0
2983 1225 2984 1183 0
2775 1225 2774 1183 0
2711 1226 2711 1185 0
2386 1226 2386 1186 0
1916 1365 1957 1369 0
1909 1429 1948 1434 0
1903 1494 1942 1499 0
1889 1557 1928 1563 0
20051122.jpg
4
3259 1178 3258 1219 0
2647 1223 2646 1183 0
2518 1226 2518 1184 0
1711 1267 1680 1244 0
20060500.jpg
10
3062 1222 3062 1179 0
2981 1226 2982 1179 0
2907 1225 2908 1185 0
2843 1224 2844 1187 0
2645 1225 2645 1187 0
2517 1227 2516 1187 0
1936 1235 1972 1241 0
1927 1299 1968 1304 0
1917 1364 1957 1369 0
1903 1491 1939 1498 0
20060607.jpg
13
3063 1219 3064 1176 0
2982 1223 2982 1178 0
2908 1222 2910 1180 0
2774 1226 2774 1182 0
2710 1223 2711 1180 0
2646 1223 2644 1179 0
2582 1225 2582 1180 0
2518 1226 2518 1188 0
2452 1225 2453 1187 0
1923 1300 1961 1306 0
1915 1363 1952 1369 0
1907 1428 1945 1433 0
1878 1617 1917 1625 0
20070506.jpg
13
3257 1179 3257 1219 0
3127 1181 3128 1226 0
3062 1221 3062 1175 0
2982 1222 2982 1177 0
2908 1221 2909 1176 0
2844 1222 2844 1177 0
2710 1224 2710 1179 0
2517 1226 2517 1186 0
2451 1225 2452 1187 0
1935 1235 1973 1241 0
1926 1300 1964 1305 0
1915 1364 1955 1370 0
1696 1328 1666 1295 0
20070808.jpg
12
3258 1180 3258 1221 0
3191 1181 3191 1224 0
3063 1222 3062 1176 0
2982 1222 2983 1177 0
2846 1224 2846 1181 0
2775 1225 2774 1182 0
2518 1228 2518 1187 0
2451 1224 2453 1184 0
2385 1225 2386 1190 0
2159 1208 2120 1206 0
1916 1365 1954 1370 0
1878 1555 1923 1563 0
20070918.jpg
7
3064 1223 3066 1176 0
2910 1224 2913 1177 0
2775 1224 2777 1178 0
2647 1225 2647 1180 0
1934 1237 1974 1242 0
1924 1301 1965 1308 0
1901 1494 1939 1498 0
20100106.jpg
11
3129 1181 3128 1226 0
2775 1228 2775 1190 0
2710 1226 2712 1187 0
2646 1229 2646 1186 0
2519 1228 2520 1185 0
2452 1228 2452 1189 0
2387 1230 2386 1193 0
1929 1234 1965 1242 0
1918 1300 1956 1306 0
1910 1364 1946 1372 0
1881 1557 1917 1562 0
20100903.jpg
8
3128 1180 3127 1226 0
2911 1222 2910 1179 0
2845 1224 2846 1179 0
2712 1225 2710 1180 0
2386 1231 2387 1191 0
1919 1299 1955 1303 0
1908 1361 1944 1366 0
1891 1491 1926 1495 0
20111111.jpg
6
2911 1228 2911 1187 0
2846 1227 2845 1182 0
2712 1228 2712 1185 0
2647 1228 2648 1185 0
1900 1428 1938 1435 0
1715 1245 1685 1219 0
20130314.jpg
9
3261 1182 3259 1228 0
2912 1228 2912 1182 0
2847 1230 2847 1183 0
2321 1231 2321 1192 0
1951 1371 1913 1366 0
1901 1428 1940 1435 0
1890 1491 1930 1500 0
1881 1557 1922 1562 0
1698 1331 1674 1301 0
20150127.jpg
10
3131 1180 3131 1229 0
2985 1226 2986 1180 0
2912 1227 2912 1185 0
2778 1227 2779 1183 0
2712 1230 2713 1182 0
2648 1228 2648 1183 0
2388 1230 2388 1191 0
1928 1235 1968 1240 0
1909 1364 1948 1370 0
1900 1427 1940 1435 0
